[[  3.12018622e+02   1.08916181e-05  -3.14488628e-05 ...,   7.92607091e+00
   -6.60538137e-06   2.52022442e-06]
 [  1.08916181e-05   1.55448144e+03   7.62062345e+01 ...,  -6.65009282e-06
   -2.46308916e+01   6.33485731e+01]
 [ -3.14488628e-05   7.62062345e+01   1.64532487e+03 ...,   1.60346206e-06
   -8.43872472e+00   1.13863704e+01]
 ..., 
 [  7.92607091e+00  -6.65009282e-06   1.60346206e-06 ...,   5.71331067e+01
   -4.32630971e-06   4.40418175e-07]
 [ -6.60538137e-06  -2.46308916e+01  -8.43872472e+00 ...,  -4.32630971e-06
    8.11204727e+02   1.70014465e-03]
 [  2.52022442e-06   6.33485731e+01   1.13863704e+01 ...,   4.40418175e-07
    1.70014465e-03   1.29529557e+02]]